X = [0.9077777704769372 0.5378103360330323 ; 0.8146216195875685 0.2982483809502573 ; 0.7132804260340551 0.018718818790830594 ; 0.5357240570916546 0.26103084665477216 ; 0.3832549265642453 0.9612307376470888 ; 0.8295383313515561 0.5040543311148656 ; 0.7105164725931103 0.20732106306034703 ; 0.6165082063266601 0.6542805474078673 ; 0.7335897911557285 0.5205580119550093 ; 0.40079305223403705 0.6048341949533661 ; 0.1972221796655952 0.8284417157346344 ; 0.4598692987511843 0.4728749598319193 ; 0.3479175665438049 0.7622294695009013 ; 0.004231203683738638 0.29682248595203964 ; 0.863770413873465 0.8415739493206768 ; 0.42826868623010317 0.5280400486005693 ; 0.3345133140280604 0.9208596799572893 ; 0.21884969372507523 0.9147471061554038 ; 0.6896222598702408 0.4048393252452269 ; 0.9169519289784097 0.048951089942663506 ; 0.6262843516356881 0.7565678445844708 ; 0.11228556623672736 0.9892210387436299 ; 0.7558599642311569 0.17481941950604374 ; 0.8768367656053282 0.023288295270287862 ; 0.22623944627447357 0.45700444237094184 ; 0.06433718881120465 0.8544095169055446 ; 0.43393456223001625 0.08447192448675134 ; 0.9253578662630048 0.8196385186167024 ; 0.43764473722746544 0.9894579594624707 ; 0.49085452147571507 0.43452802864844364 ; 0.9120617006969579 0.20270680630022253 ; 0.8286426946529737 0.5325703104961017 ; 0.21960609024732025 0.05390182057099535 ; 0.7610641403267719 0.7714796752066487 ; 0.15126183646197966 0.7922619182853723 ; 0.4791152193074413 0.2466120872387213 ; 0.13919883757234064 0.27495230670484894 ; 0.24314846805301615 0.6242959623848354 ; 0.18645302294447963 0.2691254878694438 ; 0.7026339533100489 0.21018837361223497 ]
Y = [4, 3, 4, 4, 4, 3, 4, 3, 1, 4, 4, 4, 4, 4, 4, 4, 2, 1, 3, 3, 3, 4, 1, 1, 3, 1, 1, 4, 4, 1, 1, 2, 1, 1, 4, 1, 3, 2, 4, 4]
K = 4