X = [0.4169537192463305 0.8623265892986042 ; 0.31421711396808916 0.3656670602521821 ; 0.5606195555756351 0.34786881996273644 ; 0.7678128376070265 0.04482573426942138 ; 0.5235761831285016 0.7857919185316407 ; 0.6416687544205558 0.05423440309047822 ; 0.1833349036218721 0.09199198071059056 ; 0.7145211545522743 0.2595660645824037 ; 0.7578650418823386 0.15051544610704792 ; 0.9663637659278964 0.8744859112265225 ; 0.20213423752406678 0.9610780636615812 ; 0.8543009604333623 0.09190909965881855 ; 0.16162577715529647 0.4254473411165969 ; 0.9727974430007726 0.14741779315674353 ; 0.09946585634981497 0.04560067052162098 ; 0.8430392786775818 0.49885224517958904 ; 0.9390911183623522 0.1557033127538907 ; 0.589146602661385 0.16851565491611253 ; 0.7230636614950843 0.6097816167221894 ; 0.4325394920284723 0.8264115487734985 ]
Y = [4, 2, 3, 3, 2, 1, 3, 2, 2, 4, 4, 3, 4, 4, 3, 1, 4, 4, 4, 4]
K = 4