X = [0.1016948360554486 0.5994974052940776 ; 0.3341431287195219 0.9322429575536326 ; 0.10153332995926256 0.8710975412038361 ; 0.9147727048250914 0.3026604264031716 ; 0.12210352597488439 0.9261887434786106 ; 0.7499761664601561 0.6554339660802376 ; 0.7097029594237222 0.41327965799239896 ; 0.4669993250865081 0.6492242215003392 ; 0.21516442848646467 0.8652899218345763 ; 0.27581138105240977 0.5745293829927018 ; 0.46500830214468547 0.574025335998729 ; 0.2372667315439151 0.5090521783713008 ; 0.15092668773845253 0.2969926012271782 ; 0.23767516272910927 0.9711197879653768 ; 0.6521964224093123 0.006596581255137179 ; 0.1717841347590654 0.2702626372132172 ; 0.6749867283709019 0.8009570713360489 ; 0.28397386954382087 0.4537458647662669 ; 0.8310420865517959 0.17413740876144668 ; 0.40524874786047693 0.5160385055456037 ; 0.9126810077995977 0.3549717159128012 ; 0.2175569949489261 0.20004032844412412 ; 0.8176753489901655 0.7275666892479017 ; 0.1912436298016581 0.9035246088507972 ; 0.5773531739245992 0.34195553182948 ; 0.38084479235165836 0.12756817825624356 ; 0.5617779991379578 0.23170645463239492 ; 0.015596597453653271 0.5698672666887036 ; 0.33665929900311276 0.9106235671277896 ; 0.0030441063390148626 0.10430031113218052 ; 0.5589426042573463 0.8825267548102786 ; 0.42406387505737675 0.4063439434673747 ; 0.12628992187998667 0.11631496618813908 ; 0.594917692149164 0.793795557708437 ; 0.9036079196304256 0.12867051062954382 ; 0.32923588804147497 0.8366237378297061 ; 0.47576344518673863 0.6416109162143875 ; 0.011901844280185148 0.4124545894787769 ; 0.6407315317171407 0.627067997710068 ; 0.516177832463696 0.7588983328053083 ]
Y = [3, 3, 3, 1, 2, 2, 4, 3, 3, 4, 2, 1, 2, 4, 3, 3, 2, 4, 3, 4, 4, 4, 2, 4, 2, 2, 4, 1, 2, 4, 2, 3, 1, 3, 2, 1, 1, 2, 2, 2]
K = 4