X = [0.5238456679924246 0.4556223773930119 ; 0.13133462126623707 0.5202984065336484 ; 0.8909785419330689 0.4201982551428076 ; 0.04303511881235422 0.7243137048141168 ; 0.8106669939691963 0.02542192396101617 ; 0.44922735719988194 0.3253108220589588 ; 0.2691974841711148 0.2678207351930677 ; 0.6197058095292509 0.5277256833323933 ; 0.6573546783504481 0.8922093439113551 ; 0.23797023552525165 0.277193065724038 ; 0.14041939816059912 0.8580677414164499 ; 0.8476739306370458 0.4180326192260536 ; 0.02140480698623437 0.6835938196519533 ; 0.6062316685992782 0.833451388268303 ; 0.09509380503289289 0.4632065794873286 ; 0.6871131478588097 0.2554824320074368 ; 0.506234970784864 0.12978424676215794 ; 0.19588858586270508 0.8279492971266295 ; 0.21552550615102772 0.4565875746343525 ; 0.7699904597281054 0.4248932961520717 ]
Y = [1, 2, 2, 2, 4, 2, 2, 3, 2, 1, 4, 2, 3, 3, 4, 1, 1, 2, 4, 4]
K = 4