X = [0.399219762248641 0.0851754133992434 0.11954705458796988 0.6077433129712425 ; 0.8383147196074898 0.457329987005729 0.9791070480860368 0.7405279932417378 ; 0.5062616175209584 0.032578078948800604 0.8828484714491609 0.03610260255884268 ; 0.993172075352383 0.31030635570786025 0.7494361550417856 0.6058650210381983 ; 0.9145170385105181 0.7637321058927576 0.7193852417505648 0.7938766913248279 ; 0.4162818148946683 0.5252436642073458 0.6492313401644496 0.28627581944096603 ; 0.09277675132301932 0.10727074957778016 0.3391085284559521 0.3114918347034191 ; 0.925740181054031 0.23801726325777584 0.40951957429747554 0.8513501748580382 ; 0.12308062349663329 0.985630837800911 0.08892966427163318 0.7192975040781135 ; 0.0065523567019447615 0.250841797300274 0.745297150055088 0.6606029353040503 ; 0.6600457306825187 0.06587166879205264 0.3715528119784576 0.16365375231333767 ; 0.2780607450425868 0.9296821694988967 0.9007776850891848 0.7772272991445572 ; 0.8393941095555708 0.9794082163449186 0.9342572876137183 0.1389098759661641 ; 0.8043564705553894 0.6263606566872978 0.5865941627652068 0.1584723235350194 ; 0.3997860430180521 0.4164965412900775 0.25012280678413346 0.0373341852871395 ; 0.47402469885924303 0.10521056771043813 0.7492201598016414 0.1582132735022509 ; 0.08159078107264695 0.7958710187718082 0.8665226350491679 0.05997983856884781 ; 0.40659070273485176 0.8259614427386063 0.41460150793413 0.4266408309401959 ; 0.5232602165310405 0.37265080553209107 0.30464993189432277 0.07154756689408959 ; 0.26415060284271386 0.7086751268941704 0.4850244140396427 0.3624883502743721 ]
Y = [4, 3, 3, 1, 1, 4, 1, 1, 1, 2, 2, 3, 3, 2, 2, 2, 1, 4, 1, 1]
K = 4