X = [0.8926308436076732 0.13819863948457012 ; 0.5914118880740703 0.935130967361736 ; 0.8098167858515457 0.42679749587552795 ; 0.18971468691497628 0.06468813126422346 ; 0.5759269010873356 0.9269561664918603 ; 0.925277937953076 0.7850949355273663 ; 0.07775821869659283 0.31624047260776567 ; 0.05872276068854987 0.29889423465774445 ; 0.8637899740367464 0.9845051186680126 ; 0.788638307541679 0.3285174717870666 ; 0.6543438098864001 0.42347299393225957 ; 0.43257135786394507 0.4945805283147001 ; 0.5739567827197206 0.41673520598305136 ; 0.8788153467516164 0.13713796748123985 ; 0.9189896177657481 0.05117447705866329 ; 0.46743323450273133 0.026865653441600634 ; 0.8927555986239777 0.018496935617975052 ; 0.45042237645023175 0.9878096027822472 ; 0.778383892186599 0.14243530967117268 ; 0.8058206652803616 0.745258671178026 ; 0.3042623947349862 0.2061592188241731 ; 0.4808793657802646 0.115593292262271 ; 0.8013315592420804 0.016837114730340663 ; 0.5048274967111533 0.20464989296614333 ; 0.1486442276012142 0.4903857002518187 ; 0.12181362191782952 0.7632118016975123 ; 0.297763751636403 0.08740336779752167 ; 0.24131262501251682 0.868588199787927 ; 0.2584893102416217 0.8002691788233272 ; 0.8572460048280338 0.7706120860647578 ; 0.6411191092607706 0.06238674520257981 ; 0.8737256780364432 0.2594807432312254 ; 0.2831276777919295 0.24527995523864643 ; 0.3009877293460411 0.1511241249532418 ; 0.6644318906064463 0.17410191321369806 ; 0.7044369777143062 0.7091764053574103 ; 0.0789387105346262 0.690158679822262 ; 0.19942237100961602 0.03903694262570889 ; 0.4696575285242077 0.5428136198809964 ; 0.16472381886066423 0.29565369956797316 ]
Y = [3, 2, 2, 3, 3, 4, 2, 3, 4, 1, 3, 3, 4, 2, 3, 3, 1, 2, 4, 3, 1, 3, 2, 1, 1, 3, 3, 3, 4, 3, 3, 1, 3, 1, 4, 4, 1, 2, 1, 1]
K = 4