X = [0.2583283787940671 0.6214202375067965 0.49905907818245576 0.32713174263108014 ; 0.5958510437459502 0.8722610746882477 0.5209077263630422 0.028813225381074226 ; 0.37998585201586177 0.9983167052942266 0.8244946954909563 0.20788098698062596 ; 0.3821465505030157 0.2709452197873542 0.8146208747024271 0.13307938338405623 ; 0.5933593196005931 0.44131346875474153 0.8282341516034702 0.7527306174151374 ; 0.7903696739016652 0.45559663169315145 0.6687880269798564 0.6806858036984761 ; 0.8324283008072563 0.5320040067839491 0.14744417802608245 0.12684001667818834 ; 0.9176662866501949 0.9258346256178699 0.6228224528835841 0.16801823565358553 ; 0.6556739592689593 0.7116083924819021 0.9776115172396057 0.3852291857855432 ; 0.9898894197774173 0.530823082509268 0.8944115827457806 0.13603677492258104 ; 0.9724978752698051 0.10395637706002359 0.8009285742310079 0.11619917594025231 ; 0.26583132205816873 0.9020372773504467 0.9075257168538244 0.7527711138672395 ; 0.2634206285662746 0.33511923606666005 0.6010180354690586 0.916341730159492 ; 0.5572094505335456 0.1541516025551325 0.3170549896176029 0.687950572593653 ; 0.7883777822550286 0.7750430132170614 0.8052370406814416 0.6665794931414554 ; 0.28987111184596515 0.20577664535267015 0.8957995068494945 0.6103571260936678 ; 0.20022197426970612 0.1197502937694882 0.3754587277124537 0.6001895597165255 ; 0.6382348874406041 0.11931957563932305 0.29304400092627514 0.14046520498911208 ; 0.3865703368318456 0.7532168958547392 0.683735943017193 0.3489473660612169 ; 0.30294505481437084 0.7119604919183901 0.7621252926267271 0.9994603412421894 ]
Y = [4, 4, 2, 4, 1, 1, 3, 1, 1, 3, 2, 3, 4, 4, 1, 3, 4, 4, 4, 4]
K = 4