X = [0.40696879543693054 0.1712281078900435 0.08567984993764255 0.46092345837348503 ; 0.12322124869354734 0.22052525094690023 0.7780540545519358 0.547884979838015 ; 0.13739718472018458 0.9707909469095136 0.6879273436383158 0.23143202965268606 ; 0.7227274168420352 0.16905128527060664 0.6117349654528712 0.9469748362490171 ; 0.8675018081012682 0.2838173854080934 0.49261149519942704 0.2226971934356775 ; 0.9871687156531961 0.3152978814128977 0.01036428351575247 0.7411791040406897 ; 0.8177947567090477 0.939431401674083 0.08782439998362634 0.35048371145912527 ; 0.1784139541752201 0.30082722306828535 0.9467496685370792 0.8591912816233981 ; 0.15863318288610329 0.1522312077247534 0.4176865011651002 0.3727015745174047 ; 0.6308142672378858 0.6704469207636413 0.8414529322923159 0.40234058653077487 ; 0.058122600331076524 0.54447931925616 0.7310670566768646 0.14292316624295864 ; 0.9806762203898364 0.30165700711989674 0.2614740690335815 0.4300364950078691 ; 0.7866016241423981 0.370161836169423 0.02731130910922308 0.6892522589235678 ; 0.03669086151776846 0.8358227919778539 0.4641012657831647 0.35770711402846367 ; 0.8866943384167062 0.351762379860042 0.10731104880443498 0.7070054147608676 ; 0.2498662124683504 0.3103427264838615 0.33406533313559394 0.3688014802694938 ; 0.9613291968113078 0.21702076098138745 0.47014693970548493 0.7424562338890629 ; 0.14758319981218693 0.6629536469361074 0.7736110041557264 0.6718392626390091 ; 0.6557589865336746 0.9320223431473956 0.8711821790755055 0.6833671808286599 ; 0.7873667922626523 0.8166436066561811 0.6496340348753502 0.6002392447769853 ]
Y = [4, 1, 4, 1, 2, 2, 4, 4, 3, 3, 4, 2, 4, 3, 3, 4, 4, 1, 2, 2]
K = 4