X = [0.4666021022329665 0.38065671917705646 0.35724046023948886 0.018981927284240085 ; 0.792794449783747 0.21642359057646265 0.2835060566867268 0.4446986546542432 ; 0.42842609804536436 0.17361447937033636 0.39951643642458 0.8563234441680362 ; 0.31351612611916335 0.7930833049076423 0.7889543676816592 0.31372300317846236 ; 0.0256202204081194 0.3175741594328776 0.5864121978017928 0.9038857431807433 ; 0.5389834612736815 0.267700110928872 0.6855257157135543 0.624083644075415 ; 0.596934563445612 0.3144623445112942 0.24671807303184612 0.2349564356146806 ; 0.8924402616501813 0.10693665349954462 0.9787307115500964 0.23849405097232323 ; 0.10986452752098708 0.6805687421228839 0.3092791427627699 0.07374716087109257 ; 0.1832676212726868 0.5868245222769641 0.11451060761798937 0.5986163252895478 ; 0.14766589257124452 0.6744755813275307 0.5636602431600384 0.5033094457266039 ; 0.09850320352567521 0.3475857960456714 0.5035719171038513 0.9602239985619595 ; 0.16852759711405563 0.23975554294824875 0.48682140199286816 0.11819972663877876 ; 0.132691782683507 0.7429789753088621 0.5691899641865505 0.5115445004231327 ; 0.9866301140090286 0.9332348723910757 0.10531712637730317 0.31605361731514925 ; 0.009369863851163007 0.07467619727731245 0.1342839680396748 0.9821991041299366 ; 0.11517314663061184 0.7828670947403269 0.4561622725443295 0.1456569537269342 ; 0.6983185843996234 0.19607794610625728 0.35656997842136906 0.26948963061134423 ; 0.9692932439190164 0.9924797665096998 0.5207801484639418 0.19038012062020726 ; 0.6371904842586965 0.23064500180907854 0.2978282451371189 0.26969360354816363 ]
Y = [3, 2, 4, 2, 2, 2, 1, 3, 1, 3, 2, 2, 4, 1, 2, 2, 3, 2, 3, 3]
K = 4