X = [0.7437565924312919 0.41593052124335916 ; 0.14062545437645269 0.6105457162366397 ; 0.6483723856778351 0.5083217469396573 ; 0.8851484163922941 0.7084879136936113 ; 0.526604603058739 0.641774975271462 ; 0.25967075733867573 0.40606314374680785 ; 0.8402399848566083 0.5113237282033132 ; 0.9880521072238349 0.03130917753435436 ; 0.9722496075250175 0.7768527485891674 ; 0.1169031012520495 0.20303925798389866 ; 0.6597749042663695 0.3149932322743514 ; 0.9266140757043652 0.996591144367322 ; 0.6231363971939622 0.6898578863948348 ; 0.6043524547199073 0.6783162637706661 ; 0.23207268736246067 0.2141505951234709 ; 0.2426189954267376 0.416312986611574 ; 0.578501166714645 0.5123967864386028 ; 0.6819915318406645 0.4190602369269364 ; 0.8576555084429897 0.5894219602094372 ; 0.816996109200188 0.7283769239211594 ; 0.9467419813911413 0.02844481508775032 ; 0.254801974920292 0.4785989376705432 ; 0.3436182289277331 0.6199686267172487 ; 0.6255398738706087 0.4319954270161096 ; 0.5357550535187888 0.3375374319940394 ; 0.80686520489568 0.6321282103928898 ; 0.02297767229840786 0.6711426557806888 ; 0.09754195108127317 0.7316305728909026 ; 0.457932275613658 0.768850299449624 ; 0.44710005091912397 0.8929440717107908 ; 0.8958946856771525 0.9061630488699157 ; 0.308357339619897 0.9873065396545617 ; 0.5368902879559636 0.09966016496250985 ; 0.6951822966160528 0.607366100427442 ; 0.647207717396284 0.5741610702399582 ; 0.18663490552765927 0.8124146110982831 ; 0.6572038089983683 0.35205005119468136 ; 0.7170983261339589 0.05199286944129733 ; 0.993575180655471 0.6949064010416139 ; 0.16878621454061327 0.6576141061472972 ]
Y = [4, 1, 2, 2, 2, 2, 1, 3, 4, 4, 4, 1, 3, 1, 4, 4, 4, 1, 2, 3, 1, 2, 4, 1, 3, 1, 2, 4, 3, 4, 2, 4, 2, 4, 4, 4, 3, 3, 1, 1]
K = 4