X = [0.48697585744529714 0.14649056179179887 ; 0.7020031535083762 0.061994336929554694 ; 0.8827968554554895 0.26744401584522215 ; 0.8872038582698423 0.8527065561790884 ; 0.4887519071549581 0.3104866648272515 ; 0.7792582399472288 0.5498855817090877 ; 0.9991168146117403 0.40658601251326265 ; 0.678958592122757 0.18698743441132382 ; 0.9134546894070447 0.34625824719698706 ; 0.44354718431976103 0.5845876677381269 ; 0.9666740868707432 0.2733259327437886 ; 0.7135219467214016 0.9939076212339389 ; 0.6334192640605267 0.6109090643071062 ; 0.8020679205277255 0.5856731053308638 ; 0.6348864934438416 0.9538197460291283 ; 0.5547556309548599 0.9931835739111505 ; 0.42743566838509806 0.34609586650466295 ; 0.36160128061967767 0.16342586582263374 ; 0.07752925169020186 0.09919458890772215 ; 0.8753662165129525 0.14587124422236575 ]
Y = [1, 4, 2, 2, 2, 3, 3, 4, 2, 1, 1, 4, 1, 2, 2, 4, 1, 4, 4, 4]
K = 4