X = [0.1431902018745156 0.5492945518818406 ; 0.7339176064728011 0.21741890988636092 ; 0.8975211186194418 0.34123374964238085 ; 0.035005423652184176 0.7427723844073213 ; 0.029366621220013656 0.7467984593276216 ; 0.5067090501876834 0.20405032409772927 ; 0.9960570168542847 0.062324306637962845 ; 0.16182418093463258 0.755617211093862 ; 0.6110466050292295 0.8149522960074801 ; 0.8644433452483956 0.07050034742151001 ; 0.8939774987421638 0.24466720342810988 ; 0.4483162504586625 0.534120884508093 ; 0.6845604806317854 0.2785238501002528 ; 0.5588187634126657 0.7225543621745407 ; 0.7238356483938558 0.8989615431631675 ; 0.563304913250652 0.7116454789878978 ; 0.7120135046032164 0.12562690257260167 ; 0.02334864794701874 0.2909916783158064 ; 0.23982188384828018 0.01973360006927849 ; 0.7899659600008757 0.3879005985955868 ]
Y = [1, 4, 1, 2, 3, 4, 4, 4, 4, 2, 1, 1, 2, 4, 1, 3, 4, 3, 2, 2]
K = 4