X = [0.04138478741538254 0.3075044886503179 0.14871048514830376 0.20094250861173346 ; 0.34065428775146445 0.7793605367855534 0.08415858110593177 0.6617229024758076 ; 0.089461531121101 0.8650474834371121 0.4021544965681443 0.8793305481557203 ; 0.1765502246077726 0.9578757727682137 0.6284884908076949 0.7261179721122988 ; 0.2620416829388704 0.9338115486961958 0.44908849718179444 0.3476013790255469 ; 0.8604609958317532 0.02430516365130242 0.511004659777815 0.37725991630969147 ; 0.9244592695808057 0.19813497662929236 0.7744991256356322 0.5672948857418123 ; 0.5615929555069659 0.8514900783359859 0.2711194515159603 0.7764866646326313 ; 0.015301949731015063 0.6774586932706105 0.5465554641674282 0.30971898287290067 ; 0.7338070911642411 0.4978555624353759 0.9735411716668021 0.27103218117593053 ; 0.28687874780170197 0.6793951865451555 0.4037282019087086 0.2444164198429959 ; 0.33341421379444447 0.2613402571336154 0.9198301480953373 0.8211228113167144 ; 0.9783752411654366 0.20609788031877796 0.6304969787834146 0.4261965159283323 ; 0.3096753984463416 0.3266247305213883 0.631405489222143 0.5153613262320067 ; 0.41863790999833217 0.15608612807775846 0.8263468923427009 0.9919709819297414 ; 0.07295744869844356 0.7726188770661417 0.6947299544517939 0.13381662656677062 ; 0.1921081969452867 0.38679166230371054 0.7541805825190153 0.7261498240339282 ; 0.23624247761283534 0.028904588919062113 0.040260162266414934 0.4592196885190436 ; 0.8298248422964611 0.2220480842616689 0.5158289897497199 0.731768543016468 ; 0.7254111303767711 0.8912282812575805 0.38230278717201716 0.33347837528799074 ]
Y = [1, 1, 2, 2, 2, 1, 1, 1, 1, 1, 4, 4, 1, 2, 1, 2, 3, 2, 4, 4]
K = 4