X = [0.3805471685169066 0.8706204017952179 ; 0.14729531528614537 0.2296430849185005 ; 0.8885299765380925 0.028554781782963 ; 0.259157218765639 0.204573828554375 ; 0.8877454749560232 0.4918064953177099 ; 0.4126011541533262 0.28223545719147314 ; 0.38178716959923853 0.15095875082952803 ; 0.6170426788510187 0.6288502397392602 ; 0.4144836739087562 0.021003902249585593 ; 0.06811964502168721 0.872740601663907 ; 0.4692223778847713 0.5587659966424253 ; 0.2773391642962436 0.8940245080245354 ; 0.11205169691059291 0.7689511554816509 ; 0.7941241978678705 0.499696406396149 ; 0.06915747518671211 0.4341742930919711 ; 0.5554731353734658 0.9838199919717932 ; 0.7099517312233993 0.29760721942936186 ; 0.9545880077493837 0.5477702399708136 ; 0.8627212259331842 0.40214234240907865 ; 0.5849722878123709 0.2865600913020079 ]
Y = [2, 3, 2, 3, 4, 4, 3, 1, 1, 2, 4, 4, 1, 2, 1, 3, 4, 4, 3, 3]
K = 4