X = [0.4815779567619869 0.5204693032411895 ; 0.9525214718700186 0.4040779522664011 ; 0.8625877167216932 0.3296672502513961 ; 0.6113925079220688 0.30482350854591467 ; 0.9899054262330296 0.3157660164620083 ; 0.6591795101756969 0.4759608592508672 ; 0.5483897112164344 0.465374880085077 ; 0.9867635958751931 0.4905204545676012 ; 0.24615453344943028 0.526630384035366 ; 0.09515463153288373 0.45357051077251376 ; 0.5073979113384004 0.7090246749310263 ; 0.4136161974853587 0.23713706632031795 ; 0.6839849539441084 0.673046856918842 ; 0.962445603354519 0.6888022837098785 ; 0.27098242307903875 0.08294511831122187 ; 0.6433176111729154 0.7873008829011701 ; 0.8455053597720574 0.05020426967139857 ; 0.9128179493542273 0.3373776569478367 ; 0.4463159392316779 0.3102066710560102 ; 0.8729125067971145 0.8034228962000712 ; 0.1899803323152779 0.18082256385477036 ; 0.594821539632087 0.09261204793814304 ; 0.7333846756471313 0.3122378870606024 ; 0.5724183991020872 0.7273228537455851 ; 0.5326265238585078 0.5553410094118231 ; 0.048151716687390045 0.6415119412462363 ; 0.18962751061637184 0.26118812866669394 ; 0.5716408424510839 0.6480059703778607 ; 0.2585825542397139 0.7746269948747482 ; 0.9023596540904043 0.780026984614716 ; 0.9529175925834567 0.4070445380074379 ; 0.5258492858885614 0.6130014074235397 ; 0.6418298802736618 0.9396688554516871 ; 0.8910869228823276 0.5378479839243689 ; 0.4224856827145539 0.7970959019223992 ; 0.9446383193901535 0.16219418789399587 ; 0.49477729077230037 0.1790440256139576 ; 0.8701071756763441 0.5360503302921462 ; 0.21741048684619646 0.9182178959933989 ; 0.33560665649689414 0.10916889901120286 ]
Y = [1, 2, 1, 1, 1, 2, 2, 2, 2, 4, 2, 2, 1, 3, 3, 1, 3, 4, 4, 4, 4, 1, 4, 2, 3, 2, 1, 3, 2, 3, 2, 4, 2, 4, 3, 2, 1, 1, 4, 4]
K = 4