X = [0.8855826043456848 0.6894625979683618 ; 0.0023066128866231494 0.20745323983987662 ; 0.5622829145954391 0.9376362121376678 ; 0.29206244904772016 0.9682080365916474 ; 0.8873986632967804 0.8445796431142758 ; 0.6204614144473432 0.29844808469642026 ; 0.9886071158694595 0.035222362152271036 ; 0.7076804325657422 0.6206663766371364 ; 0.7550560059864049 0.6341744739630638 ; 0.5606216386259939 0.09076598695641791 ; 0.8706685439310549 9.777358290852245e-05 ; 0.4109437359256711 0.1565569848907844 ; 0.3138983322931087 0.10785666937533145 ; 0.6502683147950209 0.634969247561207 ; 0.026584600683973614 0.3571516781998565 ; 0.844948184217037 0.16952880152051442 ; 0.34034685127683695 0.4821379265626371 ; 0.7655178739571887 0.8477396039700603 ; 0.04458694878758762 0.09157409181355969 ; 0.2917367880970465 0.5853532513361228 ; 0.6769871277730622 0.29481218913803364 ; 0.5319635091349696 0.1576202099806231 ; 0.5568329478247622 0.8997455099097809 ; 0.4448870540293811 0.3296547610766031 ; 0.005804859455487921 0.7895823552100217 ; 0.16874054740236177 0.4602829209438666 ; 0.33457779889229244 0.3495029977230103 ; 0.6748838124801667 0.4806432449503867 ; 0.8722144555571956 0.7287453381133131 ; 0.7396768609201488 0.6948645298923557 ]
Y = [2, 2, 2, 2, 2, 1, 2, 1, 1, 2, 2, 2, 2, 1, 2, 2, 1, 2, 2, 1, 1, 2, 2, 1, 2, 2, 1, 1, 2, 2]
K = 2