X = [0.3805471685169066 0.8706204017952179 ; 0.14729531528614537 0.2296430849185005 ; 0.8885299765380925 0.028554781782963 ; 0.259157218765639 0.204573828554375]
Y = [1, 2, 1, 3]
K = 3